[gd_scene load_steps=33 format=3 uid="uid://bdricnhkc377e"]

[ext_resource type="Script" path="res://character/Character.lua" id="1_esdqo"]
[ext_resource type="PackedScene" uid="uid://dp4hh5fn4ecp4" path="res://assets/models/rig/rig.glb" id="6_s8jgh"]
[ext_resource type="Animation" uid="uid://dil87a12bdo51" path="res://assets/models/rig/animations/base.tres" id="7_xw4fc"]
[ext_resource type="Script" path="res://character/appearance/AppearanceManager.lua" id="8_ip6d1"]
[ext_resource type="Animation" uid="uid://bvrgnfyuy7ccg" path="res://assets/models/rig/animations/idle.tres" id="8_l8522"]
[ext_resource type="Resource" uid="uid://d2erpcdyaexcj" path="res://resources/character_presets/momiji.tres" id="9_6jjgu"]
[ext_resource type="Animation" uid="uid://cxqf8ebitk1qc" path="res://assets/models/rig/animations/jump.tres" id="9_j6ru4"]
[ext_resource type="Animation" uid="uid://dov1ah8fuvvkl" path="res://assets/models/rig/animations/sit.tres" id="10_jftow"]
[ext_resource type="Animation" uid="uid://dmmw2cet3wfh4" path="res://assets/models/rig/animations/walk.tres" id="11_wpe27"]
[ext_resource type="Animation" uid="uid://cmlo77tp7ntlf" path="res://assets/models/rig/animations/run.tres" id="12_ibjrc"]
[ext_resource type="Animation" uid="uid://w6kkcjrhhw5o" path="res://assets/models/rig/animations/climb.tres" id="13_1sw8o"]
[ext_resource type="Animation" uid="uid://kfm1unp1xa2j" path="res://assets/models/rig/animations/swim.tres" id="13_3oyjv"]
[ext_resource type="Animation" uid="uid://bthj7xkjro0cm" path="res://assets/models/rig/animations/fall.tres" id="14_ewtaw"]
[ext_resource type="Animation" uid="uid://c3n2igmao15m" path="res://assets/models/rig/animations/swim_idle.tres" id="14_gmxao"]
[ext_resource type="Animation" uid="uid://c4u5sp68ltrsc" path="res://assets/models/rig/animations/emote_spin.tres" id="15_00aet"]

[sub_resource type="PhysicsMaterial" id="PhysicsMaterial_vx15d"]
bounce = 0.2

[sub_resource type="AnimationNodeAnimation" id="AnimationNodeAnimation_bcnwp"]
animation = &"base"

[sub_resource type="AnimationNodeAnimation" id="AnimationNodeAnimation_hqkmq"]
animation = &"climb"

[sub_resource type="AnimationNodeTimeScale" id="AnimationNodeTimeScale_umk0u"]

[sub_resource type="AnimationNodeAnimation" id="AnimationNodeAnimation_8dmp5"]
animation = &"fall"

[sub_resource type="AnimationNodeAnimation" id="AnimationNodeAnimation_5pkdu"]
animation = &"idle"

[sub_resource type="AnimationNodeAnimation" id="AnimationNodeAnimation_h8war"]
animation = &"jump"

[sub_resource type="AnimationNodeOneShot" id="AnimationNodeOneShot_x0slg"]
fadein_time = 0.1
fadeout_time = 0.2

[sub_resource type="AnimationNodeTransition" id="AnimationNodeTransition_35qov"]
xfade_time = 0.2
input_0/name = "base"
input_0/auto_advance = false
input_0/reset = true
input_1/name = "idle"
input_1/auto_advance = false
input_1/reset = true
input_2/name = "sit"
input_2/auto_advance = false
input_2/reset = true
input_3/name = "horizontal"
input_3/auto_advance = false
input_3/reset = true
input_4/name = "vertical"
input_4/auto_advance = false
input_4/reset = true

[sub_resource type="AnimationNodeAnimation" id="AnimationNodeAnimation_2sdlj"]
animation = &"sit"

[sub_resource type="AnimationNodeTransition" id="AnimationNodeTransition_563ja"]
input_0/name = "fall"
input_0/auto_advance = false
input_0/reset = true
input_1/name = "climb"
input_1/auto_advance = false
input_1/reset = true

[sub_resource type="AnimationNodeAnimation" id="AnimationNodeAnimation_x5u6q"]
animation = &"walk"

[sub_resource type="AnimationNodeTimeScale" id="AnimationNodeTimeScale_gnl2h"]

[sub_resource type="AnimationNodeBlendTree" id="AnimationNodeBlendTree_ycajw"]
graph_offset = Vector2(-378, 274)
nodes/base/node = SubResource("AnimationNodeAnimation_bcnwp")
nodes/base/position = Vector2(-80, -120)
nodes/climb/node = SubResource("AnimationNodeAnimation_hqkmq")
nodes/climb/position = Vector2(-420, 460)
nodes/climb_speed/node = SubResource("AnimationNodeTimeScale_umk0u")
nodes/climb_speed/position = Vector2(-260, 460)
nodes/fall/node = SubResource("AnimationNodeAnimation_8dmp5")
nodes/fall/position = Vector2(-420, 340)
nodes/idle/node = SubResource("AnimationNodeAnimation_5pkdu")
nodes/idle/position = Vector2(-80, 0)
nodes/jump/node = SubResource("AnimationNodeAnimation_h8war")
nodes/jump/position = Vector2(160, 440)
nodes/jump_oneshot/node = SubResource("AnimationNodeOneShot_x0slg")
nodes/jump_oneshot/position = Vector2(340, 380)
nodes/main/node = SubResource("AnimationNodeTransition_35qov")
nodes/main/position = Vector2(160, 140)
nodes/output/position = Vector2(580, 240)
nodes/sit/node = SubResource("AnimationNodeAnimation_2sdlj")
nodes/sit/position = Vector2(-80, 120)
nodes/vertical/node = SubResource("AnimationNodeTransition_563ja")
nodes/vertical/position = Vector2(-80, 340)
nodes/walk/node = SubResource("AnimationNodeAnimation_x5u6q")
nodes/walk/position = Vector2(-460, 200)
nodes/walk_speed/node = SubResource("AnimationNodeTimeScale_gnl2h")
nodes/walk_speed/position = Vector2(-320, 200)
node_connections = [&"output", 0, &"jump_oneshot", &"climb_speed", 0, &"climb", &"jump_oneshot", 0, &"main", &"jump_oneshot", 1, &"jump", &"main", 0, &"base", &"main", 1, &"idle", &"main", 2, &"sit", &"main", 3, &"walk_speed", &"main", 4, &"vertical", &"vertical", 0, &"fall", &"vertical", 1, &"climb_speed", &"walk_speed", 0, &"walk"]

[sub_resource type="AnimationLibrary" id="AnimationLibrary_raqf0"]
_data = {
"base": ExtResource("7_xw4fc"),
"climb": ExtResource("13_1sw8o"),
"emote_spin": ExtResource("15_00aet"),
"fall": ExtResource("14_ewtaw"),
"idle": ExtResource("8_l8522"),
"jump": ExtResource("9_j6ru4"),
"run": ExtResource("12_ibjrc"),
"sit": ExtResource("10_jftow"),
"swim": ExtResource("13_3oyjv"),
"swim_idle": ExtResource("14_gmxao"),
"walk": ExtResource("11_wpe27")
}

[sub_resource type="CapsuleShape3D" id="CapsuleShape3D_pp1wc"]
resource_local_to_scene = true
height = 3.4

[sub_resource type="BoxShape3D" id="BoxShape3D_laqa3"]
size = Vector3(0.7, 1, 0.45)

[node name="Character" type="RigidBody3D"]
collision_layer = 2
collision_mask = 3
mass = 60.0
physics_material_override = SubResource("PhysicsMaterial_vx15d")
script = ExtResource("1_esdqo")

[node name="Appearance" type="Node3D" parent="."]
script = ExtResource("8_ip6d1")
appearance = ExtResource("9_6jjgu")

[node name="Torso" type="BoneAttachment3D" parent="Appearance"]
transform = Transform3D(1, 1.96365e-08, -1.88261e-08, -1.88261e-08, 0.999113, 0.042118, 1.96365e-08, -0.042118, 0.999113, -2.44157e-08, 0.83798, 0.0155896)
bone_name = "Torso"
bone_idx = 0
use_external_skeleton = true
external_skeleton = NodePath("../../Rig/Armature/Skeleton3D")

[node name="Head" type="BoneAttachment3D" parent="Appearance"]
transform = Transform3D(1, -4.63312e-10, 4.68823e-10, 4.68823e-10, 0.99993, -0.0118265, -4.63306e-10, 0.0118265, 0.99993, -2.35206e-09, 1.96059, -0.0317343)
bone_name = "Head"
bone_idx = 5
use_external_skeleton = true
external_skeleton = NodePath("../../Rig/Armature/Skeleton3D")

[node name="RArm" type="BoneAttachment3D" parent="Appearance"]
transform = Transform3D(0.415745, 0.764366, 0.49285, 0.49285, -0.644783, 0.584255, 0.764366, -3.1665e-08, -0.644783, 0.201908, 1.86604, 0.0109231)
bone_name = "RArm"
bone_idx = 1
use_external_skeleton = true
external_skeleton = NodePath("../../Rig/Armature/Skeleton3D")

[node name="LArm" type="BoneAttachment3D" parent="Appearance"]
transform = Transform3D(0.415745, -0.764366, -0.49285, -0.49285, -0.644783, 0.584255, -0.764366, -3.72529e-09, -0.644782, -0.201911, 1.86604, 0.0109231)
bone_name = "LArm"
bone_idx = 3
use_external_skeleton = true
external_skeleton = NodePath("../../Rig/Armature/Skeleton3D")

[node name="RHand" type="BoneAttachment3D" parent="Appearance"]
transform = Transform3D(0.413176, 0.766044, 0.492404, 0.492404, -0.642788, 0.586824, 0.766044, 1.32713e-08, -0.642787, 0.896792, 1.27987, 0.0109231)
bone_name = "RHand"
bone_idx = 2
use_external_skeleton = true
external_skeleton = NodePath("../../Rig/Armature/Skeleton3D")

[node name="LHand" type="BoneAttachment3D" parent="Appearance"]
transform = Transform3D(0.413176, -0.766044, -0.492404, -0.492404, -0.642788, 0.586824, -0.766044, -8.84756e-09, -0.642787, -0.896795, 1.27987, 0.0109229)
bone_name = "LHand"
bone_idx = 4
use_external_skeleton = true
external_skeleton = NodePath("../../Rig/Armature/Skeleton3D")

[node name="RLeg" type="BoneAttachment3D" parent="Appearance"]
transform = Transform3D(0.975812, 0.155977, 0.153151, 0.153148, -0.987742, 0.0301662, 0.155978, -0.00598184, -0.987742, 0.213903, 1.02528, 0.0236283)
bone_name = "RLeg"
bone_idx = 6
use_external_skeleton = true
external_skeleton = NodePath("../../Rig/Armature/Skeleton3D")

[node name="LLeg" type="BoneAttachment3D" parent="Appearance"]
transform = Transform3D(0.977738, -0.14966, -0.147107, -0.147111, -0.98872, 0.0281266, -0.149658, -0.00585935, -0.988721, -0.213903, 1.02528, 0.0236283)
bone_name = "LLeg"
bone_idx = 8
use_external_skeleton = true
external_skeleton = NodePath("../../Rig/Armature/Skeleton3D")

[node name="RFoot" type="BoneAttachment3D" parent="Appearance"]
transform = Transform3D(0.994518, 0.104528, -3.9814e-07, -5.90226e-07, -2.68221e-07, 1, 0.104527, -0.994521, -3.22238e-07, 0.380816, -0.0317198, 0.017227)
bone_name = "RFoot"
bone_idx = 7
use_external_skeleton = true
external_skeleton = NodePath("../../Rig/Armature/Skeleton3D")

[node name="LFoot" type="BoneAttachment3D" parent="Appearance"]
transform = Transform3D(0.994527, -0.10453, -5.47618e-07, -9.61823e-07, 4.37722e-07, 1, -0.104531, -0.994523, 5.12227e-07, -0.373898, -0.0317199, 0.0173643)
bone_name = "LFoot"
bone_idx = 9
use_external_skeleton = true
external_skeleton = NodePath("../../Rig/Armature/Skeleton3D")

[node name="Rig" parent="." instance=ExtResource("6_s8jgh")]

[node name="Skeleton3D" parent="Rig/Armature" index="0"]
bones/1/rotation = Quaternion(0.818468, 0.374048, 0.390148, -0.194892)
bones/3/rotation = Quaternion(0.818468, -0.374048, -0.390148, -0.194892)
bones/6/rotation = Quaternion(0.993482, 0.0761011, 0.0793777, -0.0300256)
bones/8/rotation = Quaternion(0.99398, -0.0730236, -0.0761655, -0.0294879)

[node name="AnimationTree" type="AnimationTree" parent="Rig/Armature" index="1"]
tree_root = SubResource("AnimationNodeBlendTree_ycajw")
anim_player = NodePath("../AnimationPlayer")
parameters/climb_speed/scale = 1.0
parameters/jump_oneshot/active = false
parameters/jump_oneshot/request = 0
parameters/main/current_state = "base"
parameters/main/transition_request = ""
parameters/main/current_index = 0
parameters/vertical/current_state = ""
parameters/vertical/transition_request = "fall"
parameters/vertical/current_index = 0
parameters/walk_speed/scale = 1.0

[node name="AnimationPlayer" type="AnimationPlayer" parent="Rig/Armature" index="2"]
root_node = NodePath("../..")
libraries = {
"": SubResource("AnimationLibrary_raqf0")
}

[node name="MainCollider" type="CollisionShape3D" parent="."]
transform = Transform3D(1, 0, 0, 0, 1, 0, 0, 0, 1, 0, 1.7, 0)
shape = SubResource("CapsuleShape3D_pp1wc")

[node name="RagdollCollider" type="CollisionShape3D" parent="."]
transform = Transform3D(1, 0, 0, 0, 1, 0, 0, 0, 1, 0, 1.4028, 0)
shape = SubResource("BoxShape3D_laqa3")
disabled = true

[editable path="Rig"]
