[gd_scene load_steps=58 format=3 uid="uid://bdricnhkc377e"]

[ext_resource type="Script" path="res://character/Character.lua" id="1_esdqo"]
[ext_resource type="Script" path="res://character/Nametag.lua" id="4_g0jnx"]
[ext_resource type="FontFile" uid="uid://conialjr0ykae" path="res://assets/fonts/IBMPlexSans-Regular.ttf" id="5_1iw6q"]
[ext_resource type="PackedScene" uid="uid://dp4hh5fn4ecp4" path="res://assets/models/rig/rig.glb" id="6_s8jgh"]
[ext_resource type="Shader" path="res://resources/materials/gltf_dither_material.gdshader" id="7_lj8st"]
[ext_resource type="Animation" uid="uid://dil87a12bdo51" path="res://assets/models/rig/animations/base.tres" id="7_xw4fc"]
[ext_resource type="Texture2D" uid="uid://j3p1obmff1ev" path="res://assets/textures/ordered_dither.png" id="8_g6ojv"]
[ext_resource type="Script" path="res://character/appearance/AppearanceManager.lua" id="8_ip6d1"]
[ext_resource type="Animation" uid="uid://bvrgnfyuy7ccg" path="res://assets/models/rig/animations/idle.tres" id="8_l8522"]
[ext_resource type="Resource" uid="uid://d2erpcdyaexcj" path="res://resources/character_presets/momiji.tres" id="9_6jjgu"]
[ext_resource type="Animation" uid="uid://cxqf8ebitk1qc" path="res://assets/models/rig/animations/jump.tres" id="9_j6ru4"]
[ext_resource type="Animation" uid="uid://dov1ah8fuvvkl" path="res://assets/models/rig/animations/sit.tres" id="10_jftow"]
[ext_resource type="Animation" uid="uid://dmmw2cet3wfh4" path="res://assets/models/rig/animations/walk.tres" id="11_wpe27"]
[ext_resource type="Animation" uid="uid://cmlo77tp7ntlf" path="res://assets/models/rig/animations/run.tres" id="12_ibjrc"]
[ext_resource type="Animation" uid="uid://w6kkcjrhhw5o" path="res://assets/models/rig/animations/climb.tres" id="13_1sw8o"]
[ext_resource type="Animation" uid="uid://kfm1unp1xa2j" path="res://assets/models/rig/animations/swim.tres" id="13_3oyjv"]
[ext_resource type="Animation" uid="uid://bthj7xkjro0cm" path="res://assets/models/rig/animations/fall.tres" id="14_ewtaw"]
[ext_resource type="Animation" uid="uid://c3n2igmao15m" path="res://assets/models/rig/animations/swim_idle.tres" id="14_gmxao"]
[ext_resource type="Animation" uid="uid://c4u5sp68ltrsc" path="res://assets/models/rig/animations/emote_spin.tres" id="15_00aet"]
[ext_resource type="Texture2D" uid="uid://d02e5q7on6g1" path="res://assets/textures/triangle_particles.svg" id="16_gfebe"]
[ext_resource type="Animation" uid="uid://c3qfdp6u1ntlr" path="res://assets/models/rig/animations/death1.tres" id="17_r2wue"]

[sub_resource type="PhysicsMaterial" id="PhysicsMaterial_vx15d"]
bounce = 0.2

[sub_resource type="LabelSettings" id="LabelSettings_6vnie"]
font = ExtResource("5_1iw6q")
font_size = 20

[sub_resource type="FastNoiseLite" id="FastNoiseLite_r8e7f"]

[sub_resource type="NoiseTexture2D" id="NoiseTexture2D_rcveu"]
noise = SubResource("FastNoiseLite_r8e7f")

[sub_resource type="ShaderMaterial" id="ShaderMaterial_601hk"]
resource_local_to_scene = true
render_priority = 0
shader = ExtResource("7_lj8st")
shader_parameter/albedo = Color(0.988235, 0.917647, 0.831373, 1)
shader_parameter/roughness = 1.0
shader_parameter/metallic_texture_channel = Vector4(1, 0, 0, 0)
shader_parameter/specular = 0.5
shader_parameter/metallic = null
shader_parameter/emission = Color(0, 0, 0, 1)
shader_parameter/emission_energy = null
shader_parameter/normal_scale = 1.0
shader_parameter/ao_texture_channel = Vector4(1, 0, 0, 0)
shader_parameter/ao_light_affect = null
shader_parameter/uv1_scale = Vector3(1, 1, 1)
shader_parameter/uv1_offset = Vector3(0, 0, 0)
shader_parameter/alpha = 1.0
shader_parameter/dissolve = 0.0
shader_parameter/dissolve_border = 0.05
shader_parameter/dissolve_emission = Color(0.00784314, 0.388235, 0.960784, 1)
shader_parameter/dissolve_emission_energy = 4.0
shader_parameter/dither_texture = ExtResource("8_g6ojv")
shader_parameter/dissolve_noise = SubResource("NoiseTexture2D_rcveu")

[sub_resource type="Gradient" id="Gradient_ofekd"]
colors = PackedColorArray(1, 1, 1, 1, 1, 1, 1, 0)

[sub_resource type="GradientTexture1D" id="GradientTexture1D_pvr5y"]
gradient = SubResource("Gradient_ofekd")

[sub_resource type="ParticleProcessMaterial" id="ParticleProcessMaterial_k7kwu"]
lifetime_randomness = 0.25
emission_shape = 1
emission_sphere_radius = 0.25
angle_max = 360.0
angular_velocity_max = 180.0
gravity = Vector3(0, 8, 0)
radial_accel_max = 16.0
tangential_accel_max = 16.0
scale_min = 0.05
color_ramp = SubResource("GradientTexture1D_pvr5y")
anim_offset_max = 1.0
turbulence_enabled = true
collision_mode = 1
collision_friction = 0.0
collision_bounce = 0.0

[sub_resource type="StandardMaterial3D" id="StandardMaterial3D_jdv4o"]
transparency = 1
vertex_color_use_as_albedo = true
albedo_texture = ExtResource("16_gfebe")
emission_enabled = true
emission = Color(0, 0.666667, 1, 1)
emission_energy_multiplier = 5.0
billboard_mode = 3
particles_anim_h_frames = 8
particles_anim_v_frames = 1
particles_anim_loop = false

[sub_resource type="PlaneMesh" id="PlaneMesh_cjfi8"]
material = SubResource("StandardMaterial3D_jdv4o")
size = Vector2(0.3, 0.3)
orientation = 2

[sub_resource type="AnimationNodeAnimation" id="AnimationNodeAnimation_bcnwp"]
animation = &"base"

[sub_resource type="AnimationNodeAnimation" id="AnimationNodeAnimation_hqkmq"]
animation = &"climb"

[sub_resource type="AnimationNodeTimeScale" id="AnimationNodeTimeScale_umk0u"]

[sub_resource type="AnimationNodeTransition" id="AnimationNodeTransition_dww7r"]
input_0/name = "idle"
input_0/auto_advance = false
input_0/break_loop_at_end = false
input_0/reset = true
input_1/name = "death1"
input_1/auto_advance = false
input_1/break_loop_at_end = false
input_1/reset = true

[sub_resource type="AnimationNodeAnimation" id="AnimationNodeAnimation_jcphe"]
animation = &"death1"

[sub_resource type="AnimationNodeAnimation" id="AnimationNodeAnimation_2p33q"]
animation = &"idle"

[sub_resource type="AnimationNodeAnimation" id="AnimationNodeAnimation_8dmp5"]
animation = &"fall"

[sub_resource type="AnimationNodeTransition" id="AnimationNodeTransition_33p1k"]
xfade_time = 0.2
input_0/name = "walk"
input_0/auto_advance = false
input_0/break_loop_at_end = false
input_0/reset = true
input_1/name = "run"
input_1/auto_advance = false
input_1/break_loop_at_end = false
input_1/reset = true

[sub_resource type="AnimationNodeAnimation" id="AnimationNodeAnimation_5pkdu"]
animation = &"idle"

[sub_resource type="AnimationNodeAnimation" id="AnimationNodeAnimation_h8war"]
animation = &"jump"

[sub_resource type="AnimationNodeOneShot" id="AnimationNodeOneShot_x0slg"]
fadein_time = 0.1
fadeout_time = 0.2

[sub_resource type="AnimationNodeTransition" id="AnimationNodeTransition_35qov"]
xfade_time = 0.2
input_0/name = "base"
input_0/auto_advance = false
input_0/break_loop_at_end = false
input_0/reset = true
input_1/name = "idle"
input_1/auto_advance = false
input_1/break_loop_at_end = false
input_1/reset = true
input_2/name = "sit"
input_2/auto_advance = false
input_2/break_loop_at_end = false
input_2/reset = true
input_3/name = "horizontal"
input_3/auto_advance = false
input_3/break_loop_at_end = false
input_3/reset = true
input_4/name = "vertical"
input_4/auto_advance = false
input_4/break_loop_at_end = false
input_4/reset = true
input_5/name = "swim"
input_5/auto_advance = false
input_5/break_loop_at_end = false
input_5/reset = true
input_6/name = "dead"
input_6/auto_advance = false
input_6/break_loop_at_end = false
input_6/reset = true

[sub_resource type="AnimationNodeAnimation" id="AnimationNodeAnimation_7v4ot"]
animation = &"run"

[sub_resource type="AnimationNodeTimeScale" id="AnimationNodeTimeScale_lmh46"]

[sub_resource type="AnimationNodeAnimation" id="AnimationNodeAnimation_2sdlj"]
animation = &"sit"

[sub_resource type="AnimationNodeAnimation" id="AnimationNodeAnimation_h1uw5"]
animation = &"swim"

[sub_resource type="AnimationNodeAnimation" id="AnimationNodeAnimation_6umnt"]
animation = &"swim_idle"

[sub_resource type="AnimationNodeTimeScale" id="AnimationNodeTimeScale_13rmt"]

[sub_resource type="AnimationNodeTransition" id="AnimationNodeTransition_c2q7r"]
xfade_time = 0.2
input_0/name = "idle"
input_0/auto_advance = false
input_0/break_loop_at_end = false
input_0/reset = true
input_1/name = "swim"
input_1/auto_advance = false
input_1/break_loop_at_end = false
input_1/reset = true

[sub_resource type="AnimationNodeTransition" id="AnimationNodeTransition_563ja"]
input_0/name = "fall"
input_0/auto_advance = false
input_0/break_loop_at_end = false
input_0/reset = true
input_1/name = "climb"
input_1/auto_advance = false
input_1/break_loop_at_end = false
input_1/reset = true

[sub_resource type="AnimationNodeAnimation" id="AnimationNodeAnimation_x5u6q"]
animation = &"walk"

[sub_resource type="AnimationNodeTimeScale" id="AnimationNodeTimeScale_gnl2h"]

[sub_resource type="AnimationNodeBlendTree" id="AnimationNodeBlendTree_ycajw"]
graph_offset = Vector2(-407.921, 400.31)
nodes/base/node = SubResource("AnimationNodeAnimation_bcnwp")
nodes/base/position = Vector2(-80, -200)
nodes/climb/node = SubResource("AnimationNodeAnimation_hqkmq")
nodes/climb/position = Vector2(-420, 460)
nodes/climb_speed/node = SubResource("AnimationNodeTimeScale_umk0u")
nodes/climb_speed/position = Vector2(-260, 460)
nodes/dead/node = SubResource("AnimationNodeTransition_dww7r")
nodes/dead/position = Vector2(-80, 816)
nodes/death1/node = SubResource("AnimationNodeAnimation_jcphe")
nodes/death1/position = Vector2(-256, 976)
nodes/death_idle/node = SubResource("AnimationNodeAnimation_2p33q")
nodes/death_idle/position = Vector2(-256, 848)
nodes/fall/node = SubResource("AnimationNodeAnimation_8dmp5")
nodes/fall/position = Vector2(-420, 340)
nodes/horizontal/node = SubResource("AnimationNodeTransition_33p1k")
nodes/horizontal/position = Vector2(-80, 160)
nodes/idle/node = SubResource("AnimationNodeAnimation_5pkdu")
nodes/idle/position = Vector2(-80, -80)
nodes/jump/node = SubResource("AnimationNodeAnimation_h8war")
nodes/jump/position = Vector2(160, 480)
nodes/jump_oneshot/node = SubResource("AnimationNodeOneShot_x0slg")
nodes/jump_oneshot/position = Vector2(340, 380)
nodes/main/node = SubResource("AnimationNodeTransition_35qov")
nodes/main/position = Vector2(160, 140)
nodes/output/position = Vector2(580, 240)
nodes/run/node = SubResource("AnimationNodeAnimation_7v4ot")
nodes/run/position = Vector2(-420, 220)
nodes/run_speed/node = SubResource("AnimationNodeTimeScale_lmh46")
nodes/run_speed/position = Vector2(-260, 240)
nodes/sit/node = SubResource("AnimationNodeAnimation_2sdlj")
nodes/sit/position = Vector2(-80, 40)
nodes/swim/node = SubResource("AnimationNodeAnimation_h1uw5")
nodes/swim/position = Vector2(-400, 720)
nodes/swim_idle/node = SubResource("AnimationNodeAnimation_6umnt")
nodes/swim_idle/position = Vector2(-260, 600)
nodes/swim_speed/node = SubResource("AnimationNodeTimeScale_13rmt")
nodes/swim_speed/position = Vector2(-260, 720)
nodes/swimming/node = SubResource("AnimationNodeTransition_c2q7r")
nodes/swimming/position = Vector2(-80, 540)
nodes/vertical/node = SubResource("AnimationNodeTransition_563ja")
nodes/vertical/position = Vector2(-80, 340)
nodes/walk/node = SubResource("AnimationNodeAnimation_x5u6q")
nodes/walk/position = Vector2(-420, 100)
nodes/walk_speed/node = SubResource("AnimationNodeTimeScale_gnl2h")
nodes/walk_speed/position = Vector2(-260, 100)
node_connections = [&"climb_speed", 0, &"climb", &"dead", 0, &"death_idle", &"dead", 1, &"death1", &"horizontal", 0, &"walk_speed", &"horizontal", 1, &"run_speed", &"jump_oneshot", 0, &"main", &"jump_oneshot", 1, &"jump", &"main", 0, &"base", &"main", 1, &"idle", &"main", 2, &"sit", &"main", 3, &"horizontal", &"main", 4, &"vertical", &"main", 5, &"swimming", &"main", 6, &"dead", &"output", 0, &"jump_oneshot", &"run_speed", 0, &"run", &"swim_speed", 0, &"swim", &"swimming", 0, &"swim_idle", &"swimming", 1, &"swim_speed", &"vertical", 0, &"fall", &"vertical", 1, &"climb_speed", &"walk_speed", 0, &"walk"]

[sub_resource type="AnimationLibrary" id="AnimationLibrary_raqf0"]
_data = {
"base": ExtResource("7_xw4fc"),
"climb": ExtResource("13_1sw8o"),
"death1": ExtResource("17_r2wue"),
"emote_spin": ExtResource("15_00aet"),
"fall": ExtResource("14_ewtaw"),
"idle": ExtResource("8_l8522"),
"jump": ExtResource("9_j6ru4"),
"run": ExtResource("12_ibjrc"),
"sit": ExtResource("10_jftow"),
"swim": ExtResource("13_3oyjv"),
"swim_idle": ExtResource("14_gmxao"),
"walk": ExtResource("11_wpe27")
}

[sub_resource type="CapsuleShape3D" id="CapsuleShape3D_pp1wc"]
resource_local_to_scene = true
height = 3.4

[sub_resource type="BoxShape3D" id="BoxShape3D_laqa3"]
size = Vector3(0.7, 1, 0.45)

[node name="Character" type="RigidBody3D"]
collision_layer = 2
collision_mask = 5
mass = 60.0
physics_material_override = SubResource("PhysicsMaterial_vx15d")
script = ExtResource("1_esdqo")

[node name="Appearance" type="Node3D" parent="." node_paths=PackedStringArray("character", "rig", "skeleton", "nametag")]
script = ExtResource("8_ip6d1")
character = NodePath("..")
rig = NodePath("../Rig")
skeleton = NodePath("../Rig/Armature/Skeleton3D")
nametag = NodePath("../NametagBillboard")
appearance = ExtResource("9_6jjgu")

[node name="Torso" type="BoneAttachment3D" parent="Appearance"]
transform = Transform3D(1, 1.96365e-08, -1.88261e-08, -1.88261e-08, 0.999113, 0.0421181, 1.96365e-08, -0.0421181, 0.999113, -2.44157e-08, 0.83798, 0.0155896)
bone_name = "Torso"
bone_idx = 0
use_external_skeleton = true
external_skeleton = NodePath("../../Rig/Armature/Skeleton3D")

[node name="Head" type="BoneAttachment3D" parent="Appearance"]
transform = Transform3D(1, -4.63304e-10, 4.6882e-10, 4.68816e-10, 0.99993, -0.0118264, -4.63306e-10, 0.0118264, 0.99993, -2.35208e-09, 1.96059, -0.0317344)
bone_name = "Head"
bone_idx = 5
use_external_skeleton = true
external_skeleton = NodePath("../../Rig/Armature/Skeleton3D")

[node name="RArm" type="BoneAttachment3D" parent="Appearance"]
transform = Transform3D(0.415745, 0.764366, 0.492849, 0.49285, -0.644783, 0.584255, 0.764365, -5.08502e-07, -0.644783, 0.201908, 1.86605, 0.0109229)
bone_name = "RArm"
bone_idx = 1
use_external_skeleton = true
external_skeleton = NodePath("../../Rig/Armature/Skeleton3D")

[node name="LArm" type="BoneAttachment3D" parent="Appearance"]
transform = Transform3D(0.415745, -0.764366, -0.492849, -0.49285, -0.644783, 0.584255, -0.764365, -5.97909e-07, -0.644783, -0.201911, 1.86605, 0.0109229)
bone_name = "LArm"
bone_idx = 3
use_external_skeleton = true
external_skeleton = NodePath("../../Rig/Armature/Skeleton3D")

[node name="RHand" type="BoneAttachment3D" parent="Appearance"]
transform = Transform3D(0.413177, 0.766044, 0.492403, 0.492404, -0.642787, 0.586824, 0.766044, -4.76488e-07, -0.642788, 0.896792, 1.27987, 0.0109225)
bone_name = "RHand"
bone_idx = 2
use_external_skeleton = true
external_skeleton = NodePath("../../Rig/Armature/Skeleton3D")

[node name="LHand" type="BoneAttachment3D" parent="Appearance"]
transform = Transform3D(0.413177, -0.766044, -0.492403, -0.492404, -0.642788, 0.586824, -0.766044, -5.94184e-07, -0.642788, -0.896795, 1.27987, 0.0109223)
bone_name = "LHand"
bone_idx = 4
use_external_skeleton = true
external_skeleton = NodePath("../../Rig/Armature/Skeleton3D")

[node name="RLeg" type="BoneAttachment3D" parent="Appearance"]
transform = Transform3D(0.975812, 0.155977, 0.15315, 0.153148, -0.987742, 0.0301662, 0.155978, -0.00598182, -0.987741, 0.213903, 1.02528, 0.0236284)
bone_name = "RLeg"
bone_idx = 6
use_external_skeleton = true
external_skeleton = NodePath("../../Rig/Armature/Skeleton3D")

[node name="LLeg" type="BoneAttachment3D" parent="Appearance"]
transform = Transform3D(0.977733, -0.14966, -0.147107, -0.14711, -0.98872, 0.0281265, -0.149657, -0.00585926, -0.988721, -0.213903, 1.02528, 0.0236284)
bone_name = "LLeg"
bone_idx = 8
use_external_skeleton = true
external_skeleton = NodePath("../../Rig/Armature/Skeleton3D")

[node name="RFoot" type="BoneAttachment3D" parent="Appearance"]
transform = Transform3D(0.994518, 0.10453, 5.56465e-07, -1.65764e-06, -9.79751e-07, 1, 0.104529, -0.994521, -9.07108e-07, 0.380815, -0.0317162, 0.0172271)
bone_name = "RFoot"
bone_idx = 7
use_external_skeleton = true
external_skeleton = NodePath("../../Rig/Armature/Skeleton3D")

[node name="LFoot" type="BoneAttachment3D" parent="Appearance"]
transform = Transform3D(0.994522, -0.104526, 7.06874e-07, -7.90227e-07, -9.59262e-07, 1, -0.104526, -0.994522, -1.0673e-06, -0.373899, -0.0317242, 0.0173644)
bone_name = "LFoot"
bone_idx = 9
use_external_skeleton = true
external_skeleton = NodePath("../../Rig/Armature/Skeleton3D")

[node name="NametagBillboard" type="Sprite3D" parent="." node_paths=PackedStringArray("character", "label")]
transform = Transform3D(1, -4.63304e-10, 4.68819e-10, 4.68816e-10, 0.99993, -0.0118264, -4.63306e-10, 0.0118264, 0.99993, -3.27869e-09, 3.96045, -0.00808166)
script = ExtResource("4_g0jnx")
character = NodePath("..")
label = NodePath("Control/PanelContainer/MarginContainer/Label")

[node name="Control" type="Control" parent="NametagBillboard"]
clip_contents = true
custom_minimum_size = Vector2(256, 48)
layout_mode = 3
anchors_preset = 0
offset_right = 256.0
offset_bottom = 32.0

[node name="PanelContainer" type="PanelContainer" parent="NametagBillboard/Control"]
layout_mode = 1
anchors_preset = 8
anchor_left = 0.5
anchor_top = 0.5
anchor_right = 0.5
anchor_bottom = 0.5
offset_left = -4.5
offset_top = -17.3333
offset_right = 4.5
offset_bottom = 17.3333
grow_horizontal = 2
grow_vertical = 2

[node name="MarginContainer" type="MarginContainer" parent="NametagBillboard/Control/PanelContainer"]
layout_mode = 2
theme_override_constants/margin_left = 4
theme_override_constants/margin_top = 4
theme_override_constants/margin_right = 4
theme_override_constants/margin_bottom = 4

[node name="Label" type="Label" parent="NametagBillboard/Control/PanelContainer/MarginContainer"]
layout_mode = 2
size_flags_horizontal = 4
text = "voided_etc"
label_settings = SubResource("LabelSettings_6vnie")

[node name="Rig" parent="." instance=ExtResource("6_s8jgh")]

[node name="Skeleton3D" parent="Rig/Armature" index="0"]
bones/0/position = Vector3(-2.44157e-08, 0.905569, 0.0155896)
bones/0/rotation = Quaternion(-0.0210637, -9.61779e-09, -9.61779e-09, 0.999778)
bones/1/position = Vector3(0.201908, 1.02735, 0.0386376)
bones/1/rotation = Quaternion(0.818468, 0.374048, 0.390148, -0.194892)
bones/1/scale = Vector3(1, 1, 1)
bones/2/rest = Transform3D(0.999995, 0.00168099, 0.00260528, -0.00167579, 0.999996, -0.00199708, -0.00260862, 0.0019927, 0.999995, 6.0536e-08, 0.909099, -2.84053e-08)
bones/2/position = Vector3(6.0536e-08, 0.909099, -2.84053e-08)
bones/2/rotation = Quaternion(0.000997446, 0.00130348, -0.000839197, 0.999998)
bones/2/scale = Vector3(1, 0.999999, 1)
bones/3/rest = Transform3D(0.415745, -0.764366, -0.49285, -0.460219, -0.644211, 0.610894, -0.784445, -0.0271569, -0.619603, -0.201911, 1.02735, 0.0386376)
bones/3/position = Vector3(-0.201911, 1.02735, 0.0386376)
bones/3/rotation = Quaternion(0.818468, -0.374048, -0.390148, -0.194892)
bones/3/scale = Vector3(1, 1, 1)
bones/4/rotation = Quaternion(0.000997457, -0.00130346, 0.000839188, 0.999998)
bones/4/scale = Vector3(1, 1, 1)
bones/5/rotation = Quaternion(0.0269753, 9.90257e-09, 9.79864e-09, 0.999636)
bones/6/rest = Transform3D(0.975812, 0.155977, 0.153148, 0.146443, -0.986614, 0.0717408, 0.162287, -0.0475783, -0.985595, 0.213903, 0.186792, 0.0159202)
bones/6/position = Vector3(0.213903, 0.186792, 0.0159202)
bones/6/rotation = Quaternion(0.993482, 0.0761011, 0.0793777, -0.0300256)
bones/6/scale = Vector3(0.999996, 1, 0.999999)
bones/7/rest = Transform3D(0.986774, -0.0531221, 0.153149, 0.154498, 0.0222534, -0.987743, 0.0490629, 0.99834, 0.0301663, -4.02797e-08, 1.07011, 4.07454e-09)
bones/7/position = Vector3(-4.02797e-08, 1.07011, 4.07454e-09)
bones/7/rotation = Quaternion(0.695405, 0.0364449, 0.072696, 0.714002)
bones/7/scale = Vector3(1, 1, 1)
bones/8/rest = Transform3D(0.977737, -0.14966, -0.147111, -0.140677, -0.987596, 0.0697452, -0.155725, -0.0474971, -0.986658, -0.213903, 0.186792, 0.0159202)
bones/8/position = Vector3(-0.213903, 0.186792, 0.0159202)
bones/8/rotation = Quaternion(0.99398, -0.0730236, -0.0761655, -0.0294879)
bones/8/scale = Vector3(1, 1, 1)
bones/9/rest = Transform3D(0.98802, 0.0466394, -0.147109, -0.148227, 0.0214708, -0.98872, -0.0429548, 0.998681, 0.0281268, -1.11759e-08, 1.06906, 3.95812e-09)
bones/9/position = Vector3(-1.11759e-08, 1.06906, 3.95812e-09)
bones/9/rotation = Quaternion(0.696136, -0.0364826, -0.0682568, 0.713726)

[node name="HeadModel" parent="Rig/Armature/Skeleton3D" index="0"]
surface_material_override/0 = SubResource("ShaderMaterial_601hk")

[node name="LArmModel" parent="Rig/Armature/Skeleton3D" index="1"]
surface_material_override/0 = SubResource("ShaderMaterial_601hk")

[node name="LLegModel" parent="Rig/Armature/Skeleton3D" index="2"]
surface_material_override/0 = SubResource("ShaderMaterial_601hk")

[node name="RArmModel" parent="Rig/Armature/Skeleton3D" index="3"]
surface_material_override/0 = SubResource("ShaderMaterial_601hk")

[node name="RLegModel" parent="Rig/Armature/Skeleton3D" index="4"]
surface_material_override/0 = SubResource("ShaderMaterial_601hk")

[node name="TorsoModel" parent="Rig/Armature/Skeleton3D" index="5"]
surface_material_override/0 = SubResource("ShaderMaterial_601hk")

[node name="TorsoAttachment" type="BoneAttachment3D" parent="Rig/Armature/Skeleton3D" index="6"]
transform = Transform3D(1, 1.96365e-08, -1.88261e-08, -1.88261e-08, 0.999113, 0.0421181, 1.96365e-08, -0.0421181, 0.999113, -2.44157e-08, 0.905569, 0.0155896)
bone_name = "Torso"
bone_idx = 0

[node name="DeathParticles" type="GPUParticles3D" parent="Rig/Armature/Skeleton3D/TorsoAttachment"]
unique_name_in_owner = true
transform = Transform3D(1, 8.60423e-15, -8.88178e-15, -9.65894e-15, 1, 0, 8.88178e-15, 0, 1, -1.20104e-08, 0.637399, 0.0268698)
emitting = false
amount = 48
lifetime = 2.0
one_shot = true
explosiveness = 0.5
process_material = SubResource("ParticleProcessMaterial_k7kwu")
draw_passes = 2
draw_pass_1 = SubResource("PlaneMesh_cjfi8")
draw_pass_2 = null

[node name="AnimationTree" type="AnimationTree" parent="Rig/Armature" index="1"]
root_node = NodePath("../..")
tree_root = SubResource("AnimationNodeBlendTree_ycajw")
anim_player = NodePath("../AnimationPlayer")
parameters/climb_speed/scale = 1.0
parameters/dead/current_state = ""
parameters/dead/transition_request = ""
parameters/dead/current_index = -1
parameters/horizontal/current_state = ""
parameters/horizontal/transition_request = ""
parameters/horizontal/current_index = -1
parameters/jump_oneshot/active = false
parameters/jump_oneshot/internal_active = false
parameters/jump_oneshot/request = 0
parameters/main/current_state = "base"
parameters/main/transition_request = ""
parameters/main/current_index = 0
parameters/run_speed/scale = 1.0
parameters/swim_speed/scale = 1.0
parameters/swimming/current_state = ""
parameters/swimming/transition_request = ""
parameters/swimming/current_index = -1
parameters/vertical/current_state = ""
parameters/vertical/transition_request = "fall"
parameters/vertical/current_index = 0
parameters/walk_speed/scale = 1.0

[node name="AnimationPlayer" type="AnimationPlayer" parent="Rig/Armature" index="2"]
root_node = NodePath("../..")
libraries = {
"": SubResource("AnimationLibrary_raqf0")
}

[node name="MainCollider" type="CollisionShape3D" parent="."]
transform = Transform3D(1, 0, 0, 0, 1, 0, 0, 0, 1, 0, 1.7, 0)
shape = SubResource("CapsuleShape3D_pp1wc")

[node name="RagdollCollider" type="CollisionShape3D" parent="."]
transform = Transform3D(1, 0, 0, 0, 1, 0, 0, 0, 1, 0, 1.4028, 0)
shape = SubResource("BoxShape3D_laqa3")
disabled = true

[editable path="Rig"]
