[gd_scene load_steps=14 format=3 uid="uid://bubyuf8mn82tm"]

[ext_resource type="Script" uid="uid://disgdl0v276pm" path="res://ui/character_editor/CharacterViewport.lua" id="1_77i5d"]
[ext_resource type="Script" uid="uid://crh575w8xr1xt" path="res://nodes/AutoScaleViewport.lua" id="2_4srlx"]
[ext_resource type="Script" uid="uid://bwy8dhypnleif" path="res://character/CameraController.lua" id="3_p3nki"]
[ext_resource type="Script" uid="uid://s8wgglg4cscb" path="res://config/ConfigDirectionalLight3D.lua" id="4_3ht4a"]
[ext_resource type="PackedScene" uid="uid://bdricnhkc377e" path="res://character/character.tscn" id="6_tx8i0"]
[ext_resource type="Shader" uid="uid://mvjqa18llowb" path="res://resources/materials/gltf_dither_material.gdshader" id="7_18nru"]
[ext_resource type="Texture2D" uid="uid://j3p1obmff1ev" path="res://assets/textures/ordered_dither.png" id="8_nr7xb"]

[sub_resource type="Environment" id="Environment_6d4uf"]
ambient_light_source = 2
ambient_light_color = Color(1, 1, 1, 1)
ambient_light_energy = 0.25

[sub_resource type="World3D" id="World3D_y4nr2"]
environment = SubResource("Environment_6d4uf")

[sub_resource type="FastNoiseLite" id="FastNoiseLite_r8e7f"]

[sub_resource type="NoiseTexture2D" id="NoiseTexture2D_rcveu"]
noise = SubResource("FastNoiseLite_r8e7f")

[sub_resource type="ShaderMaterial" id="ShaderMaterial_svrst"]
resource_local_to_scene = true
render_priority = 0
shader = ExtResource("7_18nru")
shader_parameter/albedo = Color(0.988235, 0.917647, 0.831373, 1)
shader_parameter/roughness = 1.0
shader_parameter/metallic_texture_channel = Vector4(1, 0, 0, 0)
shader_parameter/specular = 0.5
shader_parameter/metallic = 0.0
shader_parameter/emission = Color(0, 0, 0, 1)
shader_parameter/emission_energy = 0.0
shader_parameter/normal_scale = 1.0
shader_parameter/ao_texture_channel = Vector4(1, 0, 0, 0)
shader_parameter/ao_light_affect = 0.0
shader_parameter/uv1_scale = Vector3(1, 1, 1)
shader_parameter/uv1_offset = Vector3(0, 0, 0)
shader_parameter/dither_texture = ExtResource("8_nr7xb")
shader_parameter/alpha = 1.0
shader_parameter/dissolve_noise = SubResource("NoiseTexture2D_rcveu")
shader_parameter/dissolve = 0.0
shader_parameter/dissolve_border = 0.05
shader_parameter/dissolve_emission = Color(0.00784314, 0.388235, 0.960784, 1)
shader_parameter/dissolve_emission_energy = 4.0

[sub_resource type="CapsuleShape3D" id="CapsuleShape3D_02hwb"]
resource_local_to_scene = true
height = 3.4

[node name="CharacterViewport" type="TextureRect" node_paths=PackedStringArray("viewport", "appearance")]
custom_minimum_size = Vector2(240, 240)
size_flags_horizontal = 4
expand_mode = 1
script = ExtResource("1_77i5d")
viewport = NodePath("SubViewport")
appearance = NodePath("SubViewport/Character/Appearance")

[node name="SubViewport" type="SubViewport" parent="."]
own_world_3d = true
world_3d = SubResource("World3D_y4nr2")
transparent_bg = true
size = Vector2i(480, 480)
script = ExtResource("2_4srlx")

[node name="CameraController" type="Camera3D" parent="SubViewport" node_paths=PackedStringArray("focusNode")]
script = ExtResource("3_p3nki")
cameraOffset = 0.0
minFocusDistance = 2.0
maxFocusDistance = 8.0
focusDistanceTarget = 3.0
focusNode = NodePath("../Character/Appearance/Head")

[node name="DirectionalLight3D" type="DirectionalLight3D" parent="SubViewport"]
transform = Transform3D(0.707107, -0.5, 0.5, 0, 0.707107, 0.707107, -0.707107, -0.5, 0.5, 0, 8, 0)
light_color = Color(1, 0.996078, 0.929412, 1)
script = ExtResource("4_3ht4a")

[node name="Character" parent="SubViewport" instance=ExtResource("6_tx8i0")]
transform = Transform3D(-1, 0, 8.74228e-08, 0, 1, 0, -8.74228e-08, 0, -1, 0, -1.5, -8)
disabled = true

[node name="Torso" parent="SubViewport/Character/Appearance" index="0"]
transform = Transform3D(1, 1.96365e-08, -1.88261e-08, -1.88261e-08, 0.999113, 0.0421181, 1.96365e-08, -0.0421181, 0.999113, -2.44157e-08, 0.83798, 0.0155897)

[node name="Head" parent="SubViewport/Character/Appearance" index="1"]
transform = Transform3D(1, -4.63304e-10, 4.68823e-10, 4.68816e-10, 0.99993, -0.0118264, -4.63309e-10, 0.0118264, 0.99993, -2.35207e-09, 1.96059, -0.0317345)

[node name="RArm" parent="SubViewport/Character/Appearance" index="2"]
transform = Transform3D(0.415745, 0.764366, 0.492849, 0.49285, -0.644783, 0.584255, 0.764365, -5.08502e-07, -0.644783, 0.201908, 1.86605, 0.0109234)

[node name="LArm" parent="SubViewport/Character/Appearance" index="3"]
transform = Transform3D(0.415745, -0.764366, -0.492849, -0.49285, -0.644783, 0.584255, -0.764365, -5.97909e-07, -0.644783, -0.201911, 1.86605, 0.0109224)

[node name="RHand" parent="SubViewport/Character/Appearance" index="4"]
transform = Transform3D(0.413177, 0.766044, 0.492403, 0.492404, -0.642787, 0.586824, 0.766044, -4.76488e-07, -0.642788, 0.896792, 1.27987, 0.0109224)

[node name="LHand" parent="SubViewport/Character/Appearance" index="5"]
transform = Transform3D(0.413177, -0.766044, -0.492403, -0.492404, -0.642788, 0.586824, -0.766044, -5.94184e-07, -0.642788, -0.896795, 1.27987, 0.0109224)

[node name="RLeg" parent="SubViewport/Character/Appearance" index="6"]
transform = Transform3D(0.975812, 0.155977, 0.15315, 0.153148, -0.987742, 0.0301662, 0.155978, -0.00598182, -0.987741, 0.213903, 1.02528, 0.0236282)

[node name="LLeg" parent="SubViewport/Character/Appearance" index="7"]
transform = Transform3D(0.977733, -0.14966, -0.147107, -0.14711, -0.98872, 0.0281265, -0.149657, -0.00585926, -0.988721, -0.213903, 1.02528, 0.0236282)

[node name="RFoot" parent="SubViewport/Character/Appearance" index="8"]
transform = Transform3D(0.994518, 0.10453, 5.56465e-07, -1.65764e-06, -9.79751e-07, 1, 0.104529, -0.994521, -9.07108e-07, 0.380815, -0.0317162, 0.0172272)

[node name="LFoot" parent="SubViewport/Character/Appearance" index="9"]
transform = Transform3D(0.994522, -0.104526, 7.06874e-07, -7.90227e-07, -9.59262e-07, 1, -0.104526, -0.994522, -1.0673e-06, -0.373899, -0.0317242, 0.0173645)

[node name="HeadModel" parent="SubViewport/Character/Rig/Armature/Skeleton3D" index="0"]
surface_material_override/0 = SubResource("ShaderMaterial_svrst")

[node name="LArmModel" parent="SubViewport/Character/Rig/Armature/Skeleton3D" index="1"]
surface_material_override/0 = SubResource("ShaderMaterial_svrst")

[node name="LLegModel" parent="SubViewport/Character/Rig/Armature/Skeleton3D" index="2"]
surface_material_override/0 = SubResource("ShaderMaterial_svrst")

[node name="RArmModel" parent="SubViewport/Character/Rig/Armature/Skeleton3D" index="3"]
surface_material_override/0 = SubResource("ShaderMaterial_svrst")

[node name="RLegModel" parent="SubViewport/Character/Rig/Armature/Skeleton3D" index="4"]
surface_material_override/0 = SubResource("ShaderMaterial_svrst")

[node name="TorsoModel" parent="SubViewport/Character/Rig/Armature/Skeleton3D" index="5"]
surface_material_override/0 = SubResource("ShaderMaterial_svrst")

[node name="MainCollider" parent="SubViewport/Character" index="3"]
shape = SubResource("CapsuleShape3D_02hwb")

[editable path="SubViewport/Character"]
[editable path="SubViewport/Character/Rig"]
