[gd_scene load_steps=12 format=3 uid="uid://ccpx2yd6d6aqb"]

[ext_resource type="PackedScene" uid="uid://bdricnhkc377e" path="res://character/character.tscn" id="1_ht2c8"]
[ext_resource type="PackedScene" uid="uid://b7vxi3ty4n7xs" path="res://assets/models/characters/doremy/doremy_outfit_torso.tscn" id="2_4flrk"]
[ext_resource type="PackedScene" uid="uid://dy7ckg1n8a8ci" path="res://assets/models/characters/doremy/doremy_hair.tscn" id="6_8so4v"]
[ext_resource type="PackedScene" uid="uid://c3gd8qlbw5uwi" path="res://assets/models/characters/doremy/doremy_ears.glb" id="6_xnew5"]
[ext_resource type="PackedScene" uid="uid://bfvinyla3s5gc" path="res://assets/models/characters/doremy/doremy_hat.glb" id="8_uamf5"]
[ext_resource type="PackedScene" uid="uid://d3xfe13jpjsoi" path="res://assets/models/characters/doremy/doremy_pom_black.glb" id="9_xu1xu"]
[ext_resource type="PackedScene" uid="uid://b8so4rh7bin86" path="res://assets/models/characters/doremy/doremy_pom_white.glb" id="10_mtsmq"]
[ext_resource type="PackedScene" uid="uid://d0n7tnpencapx" path="res://assets/models/characters/generic/shoe_1.glb" id="11_ye4sr"]
[ext_resource type="PackedScene" uid="uid://1omuc0m1t0qt" path="res://assets/models/characters/doremy/doremy_sleeve.glb" id="12_r316u"]
[ext_resource type="PackedScene" uid="uid://bho5ycrs75as5" path="res://assets/models/characters/doremy/doremy_tail.glb" id="13_nd1rn"]

[sub_resource type="CapsuleShape3D" id="CapsuleShape3D_bqe2q"]
resource_local_to_scene = true
height = 3.4

[node name="Doremy" instance=ExtResource("1_ht2c8")]

[node name="Torso" parent="Appearance" index="0"]
transform = Transform3D(1, 1.96365e-08, -1.88261e-08, -1.88261e-08, 0.999113, 0.0421181, 1.96365e-08, -0.0421181, 0.999113, -2.44157e-08, 0.83798, 0.0155896)

[node name="doremy_outfit_torso" parent="Appearance/Torso" index="0" instance=ExtResource("2_4flrk")]

[node name="doremy_tail" parent="Appearance/Torso" index="1" instance=ExtResource("13_nd1rn")]
transform = Transform3D(1, -1.88261e-08, 1.96365e-08, 1.96365e-08, 0.999113, -0.0421181, -1.88261e-08, 0.0421181, 0.999113, 2.47435e-08, 0.139788, 0.163216)

[node name="Head" parent="Appearance" index="1"]
transform = Transform3D(1, -4.63302e-10, 4.68821e-10, 4.68814e-10, 0.99993, -0.0118264, -4.63308e-10, 0.0118264, 0.99993, -2.35208e-09, 1.96059, -0.0317344)

[node name="doremy_ears" parent="Appearance/Head" index="0" instance=ExtResource("6_xnew5")]
transform = Transform3D(1, 4.68814e-10, -4.6331e-10, -4.63303e-10, 0.99993, 0.0118264, 4.6882e-10, -0.0118264, 0.99993, 1.22255e-07, 1.27665, -0.217218)

[node name="doremy_hat" parent="Appearance/Head" index="1" instance=ExtResource("8_uamf5")]
transform = Transform3D(1, 4.68814e-10, -4.6331e-10, -4.63303e-10, 0.99993, 0.0118264, 4.6882e-10, -0.0118264, 0.99993, 2.75933e-09, 0.764063, -0.113605)

[node name="doremy_hair" parent="Appearance/Head" index="2" instance=ExtResource("6_8so4v")]

[node name="RArm" parent="Appearance" index="2"]
transform = Transform3D(0.415745, 0.764366, 0.492849, 0.49285, -0.644782, 0.584255, 0.764365, -5.71832e-07, -0.644783, 0.201908, 1.86605, 0.0109229)

[node name="doremy_rsleeve_pom" parent="Appearance/RArm" index="0" instance=ExtResource("10_mtsmq")]
transform = Transform3D(0.0541616, -0.000141252, 0.0642067, -0.000219025, -0.0839997, -5.00679e-08, 0.0642065, -0.000167374, -0.0541618, 0.0945828, 0.364302, 0.111773)

[node name="doremy_rsleeve" parent="Appearance/RArm" index="1" instance=ExtResource("12_r316u")]
transform = Transform3D(0.644781, -0.00168151, 0.764366, -0.00260735, -0.999997, -5.96047e-07, 0.764363, -0.00199246, -0.644783, 0.000586867, 0.177797, 0.000695348)

[node name="LArm" parent="Appearance" index="3"]
transform = Transform3D(0.415745, -0.764366, -0.492849, -0.49285, -0.644782, 0.584255, -0.764365, -6.03497e-07, -0.644783, -0.201911, 1.86605, 0.0109229)

[node name="doremy_lsleeve_pom" parent="Appearance/LArm" index="0" instance=ExtResource("10_mtsmq")]
transform = Transform3D(0.0166907, -0.0775196, -0.0277151, 0.0557119, -0.0101841, 0.062036, -0.0606103, -0.0307082, 0.0493903, -0.0945815, 0.3643, 0.111772)

[node name="doremy_lsleeve" parent="Appearance/LArm" index="1" instance=ExtResource("12_r316u")]
transform = Transform3D(0.644781, 0.0016816, -0.764366, 0.00260738, -0.999997, -5.81146e-07, -0.764363, -0.00199255, -0.644783, -0.000585556, 0.177795, 0.000693798)

[node name="RHand" parent="Appearance" index="4"]
transform = Transform3D(0.413177, 0.766044, 0.492403, 0.492404, -0.642787, 0.586824, 0.766044, -5.39934e-07, -0.642788, 0.896792, 1.27987, 0.0109225)

[node name="LHand" parent="Appearance" index="5"]
transform = Transform3D(0.413177, -0.766044, -0.492403, -0.492404, -0.642788, 0.586824, -0.766044, -5.99422e-07, -0.642788, -0.896795, 1.27987, 0.0109223)

[node name="RLeg" parent="Appearance" index="6"]
transform = Transform3D(0.975812, 0.155977, 0.153151, 0.153148, -0.987742, 0.0301662, 0.155978, -0.00598181, -0.987742, 0.213903, 1.02528, 0.0236284)

[node name="LLeg" parent="Appearance" index="7"]
transform = Transform3D(0.977738, -0.14966, -0.147107, -0.147111, -0.98872, 0.0281265, -0.149658, -0.00585926, -0.988721, -0.213903, 1.02528, 0.0236284)

[node name="RFoot" parent="Appearance" index="8"]
transform = Transform3D(0.994518, 0.10453, 8.19564e-08, -1.09011e-06, 1.19209e-07, 1, 0.104529, -0.994521, 7.45058e-08, 0.380816, -0.0317194, 0.0172271)

[node name="doremy_rshoe" parent="Appearance/RFoot" index="0" instance=ExtResource("11_ye4sr")]
transform = Transform3D(0.989077, -0.103956, 0.104531, 0.103957, -0.0109263, -0.994523, 0.10453, 0.994522, 2.32507e-07, -0.00775862, -0.00343163, 0.139396)

[node name="doremy_rshoe_pom_1" parent="Appearance/RFoot" index="1" instance=ExtResource("9_xu1xu")]
transform = Transform3D(0.00678344, -0.0352601, 0.058177, -0.00344132, 0.0582126, 0.0356829, -0.0679408, -0.00646906, 0.0040012, 0.0558357, 0.18725, 0.212665)

[node name="doremy_rshoe_pom_2" parent="Appearance/RFoot" index="2" instance=ExtResource("9_xu1xu")]
transform = Transform3D(0.0313802, 0.058494, 0.016358, 0.0116256, 0.0122873, -0.0662396, -0.059615, 0.0331861, -0.00430702, -0.102683, 0.170589, 0.19872)

[node name="LFoot" parent="Appearance" index="9"]
transform = Transform3D(0.994527, -0.104526, -1.82074e-07, -1.33889e-06, -3.68804e-07, 1, -0.104527, -0.994523, -2.90573e-07, -0.373898, -0.0317199, 0.0173645)

[node name="doremy_lshoe" parent="Appearance/LFoot" index="0" instance=ExtResource("11_ye4sr")]
transform = Transform3D(0.990732, 0.086678, -0.104525, -0.104128, -0.00911034, -0.994521, -0.0871544, 0.996194, -5.06731e-07, -0.00835231, -0.00160026, 0.139234)

[node name="doremy_lshoe_pom_1" parent="Appearance/LFoot" index="1" instance=ExtResource("9_xu1xu")]
transform = Transform3D(0.0199608, 0.065348, 0.00222859, 0.00477111, 0.000868228, -0.068193, -0.065212, 0.0200662, -0.00430706, 0.0958158, 0.171448, 0.198721)

[node name="doremy_lshoe_pom_2" parent="Appearance/LFoot" index="2" instance=ExtResource("9_xu1xu")]
transform = Transform3D(0.0104447, -0.0206663, 0.064324, -0.0180348, 0.0618738, 0.0228075, -0.0651111, -0.0204533, 0.00400124, -0.0627014, 0.188109, 0.212666)

[node name="MainCollider" parent="." index="2"]
shape = SubResource("CapsuleShape3D_bqe2q")

[editable path="Rig"]
